1.0 0.0
0.8524699273591271 0.0034121870667042364
0.7732802085457019 -0.18024234850007848
0.6167253733177761 -0.30470352142865487
0.4601705380898503 -0.42916469435723126
0.30361570286192446 -0.5536258672858076
0.1110097237943678 -0.4997469583563581
-0.03084200534292411 -0.35875728873208956
-0.2230439360759801 -0.30345432477458045
-0.4230385942550216 -0.3049160702545983
-0.6228260708585597 -0.31413367256706176
-0.8019744863082654 -0.2252188524195766
-1.000378093777239 -0.19999964261241973
-1.0 0.0
